MAE: 2222.57766099816
RMSE: 3142.4901323521217
R2: 0.8689275742515702
MAE baseline: 6103.920642857143
RMSE baseline: 8952.053314202401
