MAE: 0.40271139098276865
RMSE: 0.5057797239435002
R2: 0.6386557480592682
