=== TENDENCIA ===
Pendiente: 0.04955683480095868

=== ESTACIONALIDAD ===
Periodo: 365 días
Amplitud: 31.83384227665139

=== RESIDUOS ===
Media: -0.04496698833981059
Std: 0.06769844831179124
p-value: 1.8415725460575772e-42
